-17 1 -17 0
-16 1 -17 0
-15 1 -17 0
-14 1 -17 0
-13 1 -17 0
-12 1 -17 0
-11 1 -17 0
-10 1 -17 0
-9 1 -17 0
-8 1 -17 0
-7 1 -17 0
-6 1 -17 0
-5 1 -17 0
-4 1 -17 0
-3 1 -17 0
-2 1 -17 0
-1 1 -17 0
0 1 -17 0
-17 1 -16 0
-16 1 -16 0
-15 1 -16 0
-14 1 -16 0
-13 1 -16 0
-12 1 -16 0
-11 1 -16 0
-10 1 -16 0
-9 1 -16 0
-8 1 -16 0
-7 1 -16 0
-6 1 -16 0
-5 1 -16 0
-4 1 -16 0
-3 1 -16 0
-2 1 -16 0
-1 1 -16 0
0 1 -16 0
-17 1 -15 0
-16 1 -15 0
-15 1 -15 0
-14 1 -15 0
-13 1 -15 0
-12 1 -15 0
-11 1 -15 0
-10 1 -15 0
-9 1 -15 0
-8 1 -15 0
-7 1 -15 0
-6 1 -15 0
-5 1 -15 0
-4 1 -15 0
-3 1 -15 0
-2 1 -15 0
-1 1 -15 0
0 1 -15 0
-17 1 -14 0
-16 1 -14 0
-15 1 -14 0
-14 1 -14 0
-13 1 -14 0
-12 1 -14 0
-11 1 -14 0
-10 1 -14 0
-9 1 -14 0
-8 1 -14 0
-7 1 -14 0
-6 1 -14 0
-5 1 -14 0
-4 1 -14 0
-3 1 -14 0
-2 1 -14 0
-1 1 -14 0
0 1 -14 0
-17 1 -13 0
-16 1 -13 0
-15 1 -13 0
-14 1 -13 0
-13 1 -13 0
-12 1 -13 0
-11 1 -13 0
-10 1 -13 0
-9 1 -13 0
-8 1 -13 0
-7 1 -13 0
-6 1 -13 0
-5 1 -13 0
-4 1 -13 0
-3 1 -13 0
-2 1 -13 0
-1 1 -13 0
0 1 -13 0
-17 1 -12 0
-16 1 -12 0
-15 1 -12 0
-14 1 -12 0
-13 1 -12 0
-12 1 -12 0
-11 1 -12 0
-10 1 -12 0
-9 1 -12 0
-8 1 -12 0
-7 1 -12 0
-6 1 -12 0
-5 1 -12 0
-4 1 -12 0
-3 1 -12 0
-2 1 -12 0
-1 1 -12 0
0 1 -12 0
-17 1 -11 0
-16 1 -11 0
-15 1 -11 0
-14 1 -11 0
-13 1 -11 0
-12 1 -11 0
-11 1 -11 0
-10 1 -11 0
-9 1 -11 0
-8 1 -11 0
-7 1 -11 0
-6 1 -11 0
-5 1 -11 0
-4 1 -11 0
-3 1 -11 0
-2 1 -11 0
-1 1 -11 0
0 1 -11 0
-17 1 -10 0
-16 1 -10 0
-15 1 -10 0
-14 1 -10 0
-13 1 -10 0
-12 1 -10 0
-11 1 -10 0
-10 1 -10 0
-9 1 -10 0
-8 1 -10 0
-7 1 -10 0
-6 1 -10 0
-5 1 -10 0
-4 1 -10 0
-3 1 -10 0
-2 1 -10 0
-1 1 -10 0
0 1 -10 0
-17 1 -9 0
-16 1 -9 0
-15 1 -9 0
-14 1 -9 0
-13 1 -9 0
-12 1 -9 0
-11 1 -9 0
-10 1 -9 0
-9 1 -9 0
-8 1 -9 0
-7 1 -9 0
-6 1 -9 0
-5 1 -9 0
-4 1 -9 0
-3 1 -9 0
-2 1 -9 0
-1 1 -9 0
0 1 -9 0
-17 1 -8 0
-16 1 -8 0
-15 1 -8 0
-14 1 -8 0
-13 1 -8 0
-12 1 -8 0
-11 1 -8 0
-10 1 -8 0
-9 1 -8 0
-8 1 -8 0
-7 1 -8 0
-6 1 -8 0
-5 1 -8 0
-4 1 -8 0
-3 1 -8 0
-2 1 -8 0
-1 1 -8 0
0 1 -8 0
-17 1 -7 0
-16 1 -7 0
-15 1 -7 0
-14 1 -7 0
-13 1 -7 0
-12 1 -7 0
-11 1 -7 0
-10 1 -7 0
-9 1 -7 0
-8 1 -7 0
-7 1 -7 0
-6 1 -7 0
-5 1 -7 0
-4 1 -7 0
-3 1 -7 0
-2 1 -7 0
-1 1 -7 0
0 1 -7 0
-17 1 -6 0
-16 1 -6 0
-15 1 -6 0
-14 1 -6 0
-13 1 -6 0
-12 1 -6 0
-11 1 -6 0
-10 1 -6 0
-9 1 -6 0
-8 1 -6 0
-7 1 -6 0
-6 1 -6 0
-5 1 -6 0
-4 1 -6 0
-3 1 -6 0
-2 1 -6 0
-1 1 -6 0
0 1 -6 0
-17 1 -5 0
-16 1 -5 0
-15 1 -5 0
-14 1 -5 0
-13 1 -5 0
-12 1 -5 0
-11 1 -5 0
-10 1 -5 0
-9 1 -5 0
-8 1 -5 0
-7 1 -5 0
-6 1 -5 0
-5 1 -5 0
-4 1 -5 0
-3 1 -5 0
-2 1 -5 0
-1 1 -5 0
0 1 -5 0
-17 1 -4 0
-16 1 -4 0
-15 1 -4 0
-14 1 -4 0
-13 1 -4 0
-12 1 -4 0
-11 1 -4 0
-10 1 -4 0
-9 1 -4 0
-8 1 -4 0
-7 1 -4 0
-6 1 -4 0
-5 1 -4 0
-4 1 -4 0
-3 1 -4 0
-2 1 -4 0
-1 1 -4 0
0 1 -4 0
-17 1 -3 0
-16 1 -3 0
-15 1 -3 0
-14 1 -3 0
-13 1 -3 0
-12 1 -3 0
-11 1 -3 0
-10 1 -3 0
-9 1 -3 0
-8 1 -3 0
-7 1 -3 0
-6 1 -3 0
-5 1 -3 0
-4 1 -3 0
-3 1 -3 0
-2 1 -3 0
-1 1 -3 0
0 1 -3 0
-17 1 -2 0
-16 1 -2 0
-15 1 -2 0
-14 1 -2 0
-13 1 -2 0
-12 1 -2 0
-11 1 -2 0
-10 1 -2 0
-9 1 -2 0
-8 1 -2 0
-7 1 -2 0
-6 1 -2 0
-5 1 -2 0
-4 1 -2 0
-3 1 -2 0
-2 1 -2 0
-1 1 -2 0
0 1 -2 0
-17 1 -1 0
-16 1 -1 0
-15 1 -1 0
-14 1 -1 0
-13 1 -1 0
-12 1 -1 0
-11 1 -1 0
-10 1 -1 0
-9 1 -1 0
-8 1 -1 0
-7 1 -1 0
-6 1 -1 0
-5 1 -1 0
-4 1 -1 0
-3 1 -1 0
-2 1 -1 0
-1 1 -1 0
0 1 -1 0
-17 1 0 0
-16 1 0 0
-15 1 0 0
-14 1 0 0
-13 1 0 0
-12 1 0 0
-11 1 0 0
-10 1 0 0
-9 1 0 0
-8 1 0 0
-7 1 0 0
-6 1 0 0
-5 1 0 0
-4 1 0 0
-3 1 0 0
-2 1 0 0
-1 1 0 0
0 1 0 0
-17 1 -1 0
-16 1 -1 0
-15 1 -1 0
-14 1 -1 0
-13 1 -1 0
-12 1 -1 0
-11 1 -1 0
-10 1 -1 0
-9 1 -1 0
-8 1 -1 0
-7 1 -1 0
-6 1 -1 0
-5 1 -1 0
-4 1 -1 0
-3 1 -1 0
-2 1 -1 0
-1 1 -1 0
0 1 -1 0
-17 1 0 0
-16 1 0 0
-15 1 0 0
-14 1 0 0
-13 1 0 0
-12 1 0 0
-11 1 0 0
-10 1 0 0
-9 1 0 0
-8 1 0 0
-7 1 0 0
-6 1 0 0
-5 1 0 0
-4 1 0 0
-3 1 0 0
-2 1 0 0
-1 1 0 0
0 1 0 0
-17 1 1 0
-16 1 1 0
-15 1 1 0
-14 1 1 0
-13 1 1 0
-12 1 1 0
-11 1 1 0
-10 1 1 0
-9 1 1 0
-8 1 1 0
-7 1 1 0
-6 1 1 0
-5 1 1 0
-4 1 1 0
-3 1 1 0
-2 1 1 0
-1 1 1 0
0 1 1 0
-17 1 2 0
-16 1 2 0
-15 1 2 0
-14 1 2 0
-13 1 2 0
-12 1 2 0
-11 1 2 0
-10 1 2 0
-9 1 2 0
-8 1 2 0
-7 1 2 0
-6 1 2 0
-5 1 2 0
-4 1 2 0
-3 1 2 0
-2 1 2 0
-1 1 2 0
0 1 2 0
-17 1 3 0
-16 1 3 0
-15 1 3 0
-14 1 3 0
-13 1 3 0
-12 1 3 0
-11 1 3 0
-10 1 3 0
-9 1 3 0
-8 1 3 0
-7 1 3 0
-6 1 3 0
-5 1 3 0
-4 1 3 0
-3 1 3 0
-2 1 3 0
-1 1 3 0
0 1 3 0
-17 1 4 0
-16 1 4 0
-15 1 4 0
-14 1 4 0
-13 1 4 0
-12 1 4 0
-11 1 4 0
-10 1 4 0
-9 1 4 0
-8 1 4 0
-7 1 4 0
-6 1 4 0
-5 1 4 0
-4 1 4 0
-3 1 4 0
-2 1 4 0
-1 1 4 0
0 1 4 0
-17 1 5 0
-16 1 5 0
-15 1 5 0
-14 1 5 0
-13 1 5 0
-12 1 5 0
-11 1 5 0
-10 1 5 0
-9 1 5 0
-8 1 5 0
-7 1 5 0
-6 1 5 0
-5 1 5 0
-4 1 5 0
-3 1 5 0
-2 1 5 0
-1 1 5 0
0 1 5 0
-17 1 6 0
-16 1 6 0
-15 1 6 0
-14 1 6 0
-13 1 6 0
-12 1 6 0
-11 1 6 0
-10 1 6 0
-9 1 6 0
-8 1 6 0
-7 1 6 0
-6 1 6 0
-5 1 6 0
-4 1 6 0
-3 1 6 0
-2 1 6 0
-1 1 6 0
0 1 6 0
-17 1 7 0
-16 1 7 0
-15 1 7 0
-14 1 7 0
-13 1 7 0
-12 1 7 0
-11 1 7 0
-10 1 7 0
-9 1 7 0
-8 1 7 0
-7 1 7 0
-6 1 7 0
-5 1 7 0
-4 1 7 0
-3 1 7 0
-2 1 7 0
-1 1 7 0
0 1 7 0
-17 1 8 0
-16 1 8 0
-15 1 8 0
-14 1 8 0
-13 1 8 0
-12 1 8 0
-11 1 8 0
-10 1 8 0
-9 1 8 0
-8 1 8 0
-7 1 8 0
-6 1 8 0
-5 1 8 0
-4 1 8 0
-3 1 8 0
-2 1 8 0
-1 1 8 0
0 1 8 0
-17 1 9 0
-16 1 9 0
-15 1 9 0
-14 1 9 0
-13 1 9 0
-12 1 9 0
-11 1 9 0
-10 1 9 0
-9 1 9 0
-8 1 9 0
-7 1 9 0
-6 1 9 0
-5 1 9 0
-4 1 9 0
-3 1 9 0
-2 1 9 0
-1 1 9 0
0 1 9 0
-17 1 10 0
-16 1 10 0
-15 1 10 0
-14 1 10 0
-13 1 10 0
-12 1 10 0
-11 1 10 0
-10 1 10 0
-9 1 10 0
-8 1 10 0
-7 1 10 0
-6 1 10 0
-5 1 10 0
-4 1 10 0
-3 1 10 0
-2 1 10 0
-1 1 10 0
0 1 10 0
-17 1 11 0
-16 1 11 0
-15 1 11 0
-14 1 11 0
-13 1 11 0
-12 1 11 0
-11 1 11 0
-10 1 11 0
-9 1 11 0
-8 1 11 0
-7 1 11 0
-6 1 11 0
-5 1 11 0
-4 1 11 0
-3 1 11 0
-2 1 11 0
-1 1 11 0
0 1 11 0
-17 1 12 0
-16 1 12 0
-15 1 12 0
-14 1 12 0
-13 1 12 0
-12 1 12 0
-11 1 12 0
-10 1 12 0
-9 1 12 0
-8 1 12 0
-7 1 12 0
-6 1 12 0
-5 1 12 0
-4 1 12 0
-3 1 12 0
-2 1 12 0
-1 1 12 0
0 1 12 0
-17 1 13 0
-16 1 13 0
-15 1 13 0
-14 1 13 0
-13 1 13 0
-12 1 13 0
-11 1 13 0
-10 1 13 0
-9 1 13 0
-8 1 13 0
-7 1 13 0
-6 1 13 0
-5 1 13 0
-4 1 13 0
-3 1 13 0
-2 1 13 0
-1 1 13 0
0 1 13 0
-17 1 14 0
-16 1 14 0
-15 1 14 0
-14 1 14 0
-13 1 14 0
-12 1 14 0
-11 1 14 0
-10 1 14 0
-9 1 14 0
-8 1 14 0
-7 1 14 0
-6 1 14 0
-5 1 14 0
-4 1 14 0
-3 1 14 0
-2 1 14 0
-1 1 14 0
0 1 14 0
-17 1 15 0
-16 1 15 0
-15 1 15 0
-14 1 15 0
-13 1 15 0
-12 1 15 0
-11 1 15 0
-10 1 15 0
-9 1 15 0
-8 1 15 0
-7 1 15 0
-6 1 15 0
-5 1 15 0
-4 1 15 0
-3 1 15 0
-2 1 15 0
-1 1 15 0
0 1 15 0
-17 1 16 0
-16 1 16 0
-15 1 16 0
-14 1 16 0
-13 1 16 0
-12 1 16 0
-11 1 16 0
-10 1 16 0
-9 1 16 0
-8 1 16 0
-7 1 16 0
-6 1 16 0
-5 1 16 0
-4 1 16 0
-3 1 16 0
-2 1 16 0
-1 1 16 0
0 1 16 0
-1 1 -17 0
0 1 -17 0
1 1 -17 0
2 1 -17 0
3 1 -17 0
4 1 -17 0
5 1 -17 0
6 1 -17 0
7 1 -17 0
8 1 -17 0
9 1 -17 0
10 1 -17 0
11 1 -17 0
12 1 -17 0
13 1 -17 0
14 1 -17 0
15 1 -17 0
16 1 -17 0
-1 1 -16 0
0 1 -16 0
1 1 -16 0
2 1 -16 0
3 1 -16 0
4 1 -16 0
5 1 -16 0
6 1 -16 0
7 1 -16 0
8 1 -16 0
9 1 -16 0
10 1 -16 0
11 1 -16 0
12 1 -16 0
13 1 -16 0
14 1 -16 0
15 1 -16 0
16 1 -16 0
-1 1 -15 0
0 1 -15 0
1 1 -15 0
2 1 -15 0
3 1 -15 0
4 1 -15 0
5 1 -15 0
6 1 -15 0
7 1 -15 0
8 1 -15 0
9 1 -15 0
10 1 -15 0
11 1 -15 0
12 1 -15 0
13 1 -15 0
14 1 -15 0
15 1 -15 0
16 1 -15 0
-1 1 -14 0
0 1 -14 0
1 1 -14 0
2 1 -14 0
3 1 -14 0
4 1 -14 0
5 1 -14 0
6 1 -14 0
7 1 -14 0
8 1 -14 0
9 1 -14 0
10 1 -14 0
11 1 -14 0
12 1 -14 0
13 1 -14 0
14 1 -14 0
15 1 -14 0
16 1 -14 0
-1 1 -13 0
0 1 -13 0
1 1 -13 0
2 1 -13 0
3 1 -13 0
4 1 -13 0
5 1 -13 0
6 1 -13 0
7 1 -13 0
8 1 -13 0
9 1 -13 0
10 1 -13 0
11 1 -13 0
12 1 -13 0
13 1 -13 0
14 1 -13 0
15 1 -13 0
16 1 -13 0
-1 1 -12 0
0 1 -12 0
1 1 -12 0
2 1 -12 0
3 1 -12 0
4 1 -12 0
5 1 -12 0
6 1 -12 0
7 1 -12 0
8 1 -12 0
9 1 -12 0
10 1 -12 0
11 1 -12 0
12 1 -12 0
13 1 -12 0
14 1 -12 0
15 1 -12 0
16 1 -12 0
-1 1 -11 0
0 1 -11 0
1 1 -11 0
2 1 -11 0
3 1 -11 0
4 1 -11 0
5 1 -11 0
6 1 -11 0
7 1 -11 0
8 1 -11 0
9 1 -11 0
10 1 -11 0
11 1 -11 0
12 1 -11 0
13 1 -11 0
14 1 -11 0
15 1 -11 0
16 1 -11 0
-1 1 -10 0
0 1 -10 0
1 1 -10 0
2 1 -10 0
3 1 -10 0
4 1 -10 0
5 1 -10 0
6 1 -10 0
7 1 -10 0
8 1 -10 0
9 1 -10 0
10 1 -10 0
11 1 -10 0
12 1 -10 0
13 1 -10 0
14 1 -10 0
15 1 -10 0
16 1 -10 0
-1 1 -9 0
0 1 -9 0
1 1 -9 0
2 1 -9 0
3 1 -9 0
4 1 -9 0
5 1 -9 0
6 1 -9 0
7 1 -9 0
8 1 -9 0
9 1 -9 0
10 1 -9 0
11 1 -9 0
12 1 -9 0
13 1 -9 0
14 1 -9 0
15 1 -9 0
16 1 -9 0
-1 1 -8 0
0 1 -8 0
1 1 -8 0
2 1 -8 0
3 1 -8 0
4 1 -8 0
5 1 -8 0
6 1 -8 0
7 1 -8 0
8 1 -8 0
9 1 -8 0
10 1 -8 0
11 1 -8 0
12 1 -8 0
13 1 -8 0
14 1 -8 0
15 1 -8 0
16 1 -8 0
-1 1 -7 0
0 1 -7 0
1 1 -7 0
2 1 -7 0
3 1 -7 0
4 1 -7 0
5 1 -7 0
6 1 -7 0
7 1 -7 0
8 1 -7 0
9 1 -7 0
10 1 -7 0
11 1 -7 0
12 1 -7 0
13 1 -7 0
14 1 -7 0
15 1 -7 0
16 1 -7 0
-1 1 -6 0
0 1 -6 0
1 1 -6 0
2 1 -6 0
3 1 -6 0
4 1 -6 0
5 1 -6 0
6 1 -6 0
7 1 -6 0
8 1 -6 0
9 1 -6 0
10 1 -6 0
11 1 -6 0
12 1 -6 0
13 1 -6 0
14 1 -6 0
15 1 -6 0
16 1 -6 0
-1 1 -5 0
0 1 -5 0
1 1 -5 0
2 1 -5 0
3 1 -5 0
4 1 -5 0
5 1 -5 0
6 1 -5 0
7 1 -5 0
8 1 -5 0
9 1 -5 0
10 1 -5 0
11 1 -5 0
12 1 -5 0
13 1 -5 0
14 1 -5 0
15 1 -5 0
16 1 -5 0
-1 1 -4 0
0 1 -4 0
1 1 -4 0
2 1 -4 0
3 1 -4 0
4 1 -4 0
5 1 -4 0
6 1 -4 0
7 1 -4 0
8 1 -4 0
9 1 -4 0
10 1 -4 0
11 1 -4 0
12 1 -4 0
13 1 -4 0
14 1 -4 0
15 1 -4 0
16 1 -4 0
-1 1 -3 0
0 1 -3 0
1 1 -3 0
2 1 -3 0
3 1 -3 0
4 1 -3 0
5 1 -3 0
6 1 -3 0
7 1 -3 0
8 1 -3 0
9 1 -3 0
10 1 -3 0
11 1 -3 0
12 1 -3 0
13 1 -3 0
14 1 -3 0
15 1 -3 0
16 1 -3 0
-1 1 -2 0
0 1 -2 0
1 1 -2 0
2 1 -2 0
3 1 -2 0
4 1 -2 0
5 1 -2 0
6 1 -2 0
7 1 -2 0
8 1 -2 0
9 1 -2 0
10 1 -2 0
11 1 -2 0
12 1 -2 0
13 1 -2 0
14 1 -2 0
15 1 -2 0
16 1 -2 0
-1 1 -1 0
0 1 -1 0
1 1 -1 0
2 1 -1 0
3 1 -1 0
4 1 -1 0
5 1 -1 0
6 1 -1 0
7 1 -1 0
8 1 -1 0
9 1 -1 0
10 1 -1 0
11 1 -1 0
12 1 -1 0
13 1 -1 0
14 1 -1 0
15 1 -1 0
16 1 -1 0
-1 1 0 0
0 1 0 0
1 1 0 0
2 1 0 0
3 1 0 0
4 1 0 0
5 1 0 0
6 1 0 0
7 1 0 0
8 1 0 0
9 1 0 0
10 1 0 0
11 1 0 0
12 1 0 0
13 1 0 0
14 1 0 0
15 1 0 0
16 1 0 0
-1 1 -1 0
0 1 -1 0
1 1 -1 0
2 1 -1 0
3 1 -1 0
4 1 -1 0
5 1 -1 0
6 1 -1 0
7 1 -1 0
8 1 -1 0
9 1 -1 0
10 1 -1 0
11 1 -1 0
12 1 -1 0
13 1 -1 0
14 1 -1 0
15 1 -1 0
16 1 -1 0
-1 1 0 0
0 1 0 0
1 1 0 0
2 1 0 0
3 1 0 0
4 1 0 0
5 1 0 0
6 1 0 0
7 1 0 0
8 1 0 0
9 1 0 0
10 1 0 0
11 1 0 0
12 1 0 0
13 1 0 0
14 1 0 0
15 1 0 0
16 1 0 0
-1 1 1 0
0 1 1 0
1 1 1 0
2 1 1 0
3 1 1 0
4 1 1 0
5 1 1 0
6 1 1 0
7 1 1 0
8 1 1 0
9 1 1 0
10 1 1 0
11 1 1 0
12 1 1 0
13 1 1 0
14 1 1 0
15 1 1 0
16 1 1 0
-1 1 2 0
0 1 2 0
1 1 2 0
2 1 2 0
3 1 2 0
4 1 2 0
5 1 2 0
6 1 2 0
7 1 2 0
8 1 2 0
9 1 2 0
10 1 2 0
11 1 2 0
12 1 2 0
13 1 2 0
14 1 2 0
15 1 2 0
16 1 2 0
-1 1 3 0
0 1 3 0
1 1 3 0
2 1 3 0
3 1 3 0
4 1 3 0
5 1 3 0
6 1 3 0
7 1 3 0
8 1 3 0
9 1 3 0
10 1 3 0
11 1 3 0
12 1 3 0
13 1 3 0
14 1 3 0
15 1 3 0
16 1 3 0
-1 1 4 0
0 1 4 0
1 1 4 0
2 1 4 0
3 1 4 0
4 1 4 0
5 1 4 0
6 1 4 0
7 1 4 0
8 1 4 0
9 1 4 0
10 1 4 0
11 1 4 0
12 1 4 0
13 1 4 0
14 1 4 0
15 1 4 0
16 1 4 0
-1 1 5 0
0 1 5 0
1 1 5 0
2 1 5 0
3 1 5 0
4 1 5 0
5 1 5 0
6 1 5 0
7 1 5 0
8 1 5 0
9 1 5 0
10 1 5 0
11 1 5 0
12 1 5 0
13 1 5 0
14 1 5 0
15 1 5 0
16 1 5 0
-1 1 6 0
0 1 6 0
1 1 6 0
2 1 6 0
3 1 6 0
4 1 6 0
5 1 6 0
6 1 6 0
7 1 6 0
8 1 6 0
9 1 6 0
10 1 6 0
11 1 6 0
12 1 6 0
13 1 6 0
14 1 6 0
15 1 6 0
16 1 6 0
-1 1 7 0
0 1 7 0
1 1 7 0
2 1 7 0
3 1 7 0
4 1 7 0
5 1 7 0
6 1 7 0
7 1 7 0
8 1 7 0
9 1 7 0
10 1 7 0
11 1 7 0
12 1 7 0
13 1 7 0
14 1 7 0
15 1 7 0
16 1 7 0
-1 1 8 0
0 1 8 0
1 1 8 0
2 1 8 0
3 1 8 0
4 1 8 0
5 1 8 0
6 1 8 0
7 1 8 0
8 1 8 0
9 1 8 0
10 1 8 0
11 1 8 0
12 1 8 0
13 1 8 0
14 1 8 0
15 1 8 0
16 1 8 0
-1 1 9 0
0 1 9 0
1 1 9 0
2 1 9 0
3 1 9 0
4 1 9 0
5 1 9 0
6 1 9 0
7 1 9 0
8 1 9 0
9 1 9 0
10 1 9 0
11 1 9 0
12 1 9 0
13 1 9 0
14 1 9 0
15 1 9 0
16 1 9 0
-1 1 10 0
0 1 10 0
1 1 10 0
2 1 10 0
3 1 10 0
4 1 10 0
5 1 10 0
6 1 10 0
7 1 10 0
8 1 10 0
9 1 10 0
10 1 10 0
11 1 10 0
12 1 10 0
13 1 10 0
14 1 10 0
15 1 10 0
16 1 10 0
-1 1 11 0
0 1 11 0
1 1 11 0
2 1 11 0
3 1 11 0
4 1 11 0
5 1 11 0
6 1 11 0
7 1 11 0
8 1 11 0
9 1 11 0
10 1 11 0
11 1 11 0
12 1 11 0
13 1 11 0
14 1 11 0
15 1 11 0
16 1 11 0
-1 1 12 0
0 1 12 0
1 1 12 0
2 1 12 0
3 1 12 0
4 1 12 0
5 1 12 0
6 1 12 0
7 1 12 0
8 1 12 0
9 1 12 0
10 1 12 0
11 1 12 0
12 1 12 0
13 1 12 0
14 1 12 0
15 1 12 0
16 1 12 0
-1 1 13 0
0 1 13 0
1 1 13 0
2 1 13 0
3 1 13 0
4 1 13 0
5 1 13 0
6 1 13 0
7 1 13 0
8 1 13 0
9 1 13 0
10 1 13 0
11 1 13 0
12 1 13 0
13 1 13 0
14 1 13 0
15 1 13 0
16 1 13 0
-1 1 14 0
0 1 14 0
1 1 14 0
2 1 14 0
3 1 14 0
4 1 14 0
5 1 14 0
6 1 14 0
7 1 14 0
8 1 14 0
9 1 14 0
10 1 14 0
11 1 14 0
12 1 14 0
13 1 14 0
14 1 14 0
15 1 14 0
16 1 14 0
-1 1 15 0
0 1 15 0
1 1 15 0
2 1 15 0
3 1 15 0
4 1 15 0
5 1 15 0
6 1 15 0
7 1 15 0
8 1 15 0
9 1 15 0
10 1 15 0
11 1 15 0
12 1 15 0
13 1 15 0
14 1 15 0
15 1 15 0
16 1 15 0
-1 1 16 0
0 1 16 0
1 1 16 0
2 1 16 0
3 1 16 0
4 1 16 0
5 1 16 0
6 1 16 0
7 1 16 0
8 1 16 0
9 1 16 0
10 1 16 0
11 1 16 0
12 1 16 0
13 1 16 0
14 1 16 0
15 1 16 0
16 1 16 0
-16 2 -16 2
-16 3 -16 2
-16 4 -16 2
-16 2 15 2
-16 3 15 2
-16 4 15 2
-16 2 0 2
-16 3 0 2
-16 4 0 2
-15 2 -16 2
-15 3 -16 2
-15 4 -16 2
-15 2 15 2
-15 3 15 2
-15 4 15 2
-15 2 0 2
-15 3 0 2
-15 4 0 2
-14 2 -16 2
-14 3 -16 2
-14 4 -16 2
-14 2 15 2
-14 3 15 2
-14 4 15 2
-14 2 0 2
-14 3 0 2
-14 4 0 2
-13 2 -16 2
-13 3 -16 2
-13 4 -16 2
-13 2 15 2
-13 3 15 2
-13 4 15 2
-13 2 0 2
-13 3 0 2
-13 4 0 2
-12 2 -16 2
-12 3 -16 2
-12 4 -16 2
-12 2 15 2
-12 3 15 2
-12 4 15 2
-12 2 0 2
-12 3 0 2
-12 4 0 2
-11 2 -16 2
-11 3 -16 2
-11 4 -16 2
-11 2 15 2
-11 3 15 2
-11 4 15 2
-11 2 0 2
-11 3 0 2
-11 4 0 2
-10 2 -16 2
-10 3 -16 2
-10 4 -16 2
-10 2 15 2
-10 3 15 2
-10 4 15 2
-10 2 0 2
-10 3 0 2
-10 4 0 2
-9 2 -16 2
-9 3 -16 2
-9 4 -16 2
-9 2 15 2
-9 3 15 2
-9 4 15 2
-9 2 0 2
-9 3 0 2
-9 4 0 2
-8 2 -16 2
-8 3 -16 2
-8 4 -16 2
-8 2 15 2
-8 3 15 2
-8 4 15 2
-7 2 -16 2
-7 3 -16 2
-7 4 -16 2
-7 2 15 2
-7 3 15 2
-7 4 15 2
-7 2 0 2
-7 3 0 2
-7 4 0 2
-6 2 -16 2
-6 3 -16 2
-6 4 -16 2
-6 2 15 2
-6 3 15 2
-6 4 15 2
-6 2 0 2
-6 3 0 2
-6 4 0 2
-5 2 -16 2
-5 3 -16 2
-5 4 -16 2
-5 2 15 2
-5 3 15 2
-5 4 15 2
-5 2 0 2
-5 3 0 2
-5 4 0 2
-4 2 -16 2
-4 3 -16 2
-4 4 -16 2
-4 2 15 2
-4 3 15 2
-4 4 15 2
-4 2 0 2
-4 3 0 2
-4 4 0 2
-3 2 -16 2
-3 3 -16 2
-3 4 -16 2
-3 2 15 2
-3 3 15 2
-3 4 15 2
-3 2 0 2
-3 3 0 2
-3 4 0 2
-2 2 -16 2
-2 3 -16 2
-2 4 -16 2
-2 2 15 2
-2 3 15 2
-2 4 15 2
-2 2 0 2
-2 3 0 2
-2 4 0 2
-1 2 -16 2
-1 3 -16 2
-1 4 -16 2
-1 2 15 2
-1 3 15 2
-1 4 15 2
-1 2 0 2
-1 3 0 2
-1 4 0 2
0 2 -16 2
0 3 -16 2
0 4 -16 2
0 2 15 2
0 3 15 2
0 4 15 2
0 2 0 2
0 3 0 2
0 4 0 2
1 2 -16 2
1 3 -16 2
1 4 -16 2
1 2 15 2
1 3 15 2
1 4 15 2
1 2 0 2
1 3 0 2
1 4 0 2
2 2 -16 2
2 3 -16 2
2 4 -16 2
2 2 15 2
2 3 15 2
2 4 15 2
2 2 0 2
2 3 0 2
2 4 0 2
3 2 -16 2
3 3 -16 2
3 4 -16 2
3 2 15 2
3 3 15 2
3 4 15 2
3 2 0 2
3 3 0 2
3 4 0 2
4 2 -16 2
4 3 -16 2
4 4 -16 2
4 2 15 2
4 3 15 2
4 4 15 2
4 2 0 2
4 3 0 2
4 4 0 2
5 2 -16 2
5 3 -16 2
5 4 -16 2
5 2 15 2
5 3 15 2
5 4 15 2
5 2 0 2
5 3 0 2
5 4 0 2
6 2 -16 2
6 3 -16 2
6 4 -16 2
6 2 15 2
6 3 15 2
6 4 15 2
6 2 0 2
6 3 0 2
6 4 0 2
7 2 -16 2
7 3 -16 2
7 4 -16 2
7 2 15 2
7 3 15 2
7 4 15 2
7 2 0 2
7 3 0 2
7 4 0 2
8 2 -16 2
8 3 -16 2
8 4 -16 2
8 2 15 2
8 3 15 2
8 4 15 2
9 2 -16 2
9 3 -16 2
9 4 -16 2
9 2 15 2
9 3 15 2
9 4 15 2
9 2 0 2
9 3 0 2
9 4 0 2
10 2 -16 2
10 3 -16 2
10 4 -16 2
10 2 15 2
10 3 15 2
10 4 15 2
10 2 0 2
10 3 0 2
10 4 0 2
11 2 -16 2
11 3 -16 2
11 4 -16 2
11 2 15 2
11 3 15 2
11 4 15 2
11 2 0 2
11 3 0 2
11 4 0 2
12 2 -16 2
12 3 -16 2
12 4 -16 2
12 2 15 2
12 3 15 2
12 4 15 2
12 2 0 2
12 3 0 2
12 4 0 2
13 2 -16 2
13 3 -16 2
13 4 -16 2
13 2 15 2
13 3 15 2
13 4 15 2
13 2 0 2
13 3 0 2
13 4 0 2
14 2 -16 2
14 3 -16 2
14 4 -16 2
14 2 15 2
14 3 15 2
14 4 15 2
14 2 0 2
14 3 0 2
14 4 0 2
15 2 -16 2
15 3 -16 2
15 4 -16 2
15 2 15 2
15 3 15 2
15 4 15 2
15 2 0 2
15 3 0 2
15 4 0 2
-16 2 -16 2
-16 3 -16 2
-16 4 -16 2
15 2 -16 2
15 3 -16 2
15 4 -16 2
0 2 -16 2
0 3 -16 2
0 4 -16 2
-16 2 -15 2
-16 3 -15 2
-16 4 -15 2
15 2 -15 2
15 3 -15 2
15 4 -15 2
0 2 -15 2
0 3 -15 2
0 4 -15 2
-16 2 -14 2
-16 3 -14 2
-16 4 -14 2
15 2 -14 2
15 3 -14 2
15 4 -14 2
0 2 -14 2
0 3 -14 2
0 4 -14 2
-16 2 -13 2
-16 3 -13 2
-16 4 -13 2
15 2 -13 2
15 3 -13 2
15 4 -13 2
0 2 -13 2
0 3 -13 2
0 4 -13 2
-16 2 -12 2
-16 3 -12 2
-16 4 -12 2
15 2 -12 2
15 3 -12 2
15 4 -12 2
0 2 -12 2
0 3 -12 2
0 4 -12 2
-16 2 -11 2
-16 3 -11 2
-16 4 -11 2
15 2 -11 2
15 3 -11 2
15 4 -11 2
0 2 -11 2
0 3 -11 2
0 4 -11 2
-16 2 -10 2
-16 3 -10 2
-16 4 -10 2
15 2 -10 2
15 3 -10 2
15 4 -10 2
0 2 -10 2
0 3 -10 2
0 4 -10 2
-16 2 -9 2
-16 3 -9 2
-16 4 -9 2
15 2 -9 2
15 3 -9 2
15 4 -9 2
0 2 -9 2
0 3 -9 2
0 4 -9 2
-16 2 -8 2
-16 3 -8 2
-16 4 -8 2
15 2 -8 2
15 3 -8 2
15 4 -8 2
-16 2 -7 2
-16 3 -7 2
-16 4 -7 2
15 2 -7 2
15 3 -7 2
15 4 -7 2
0 2 -7 2
0 3 -7 2
0 4 -7 2
-16 2 -6 2
-16 3 -6 2
-16 4 -6 2
15 2 -6 2
15 3 -6 2
15 4 -6 2
0 2 -6 2
0 3 -6 2
0 4 -6 2
-16 2 -5 2
-16 3 -5 2
-16 4 -5 2
15 2 -5 2
15 3 -5 2
15 4 -5 2
0 2 -5 2
0 3 -5 2
0 4 -5 2
-16 2 -4 2
-16 3 -4 2
-16 4 -4 2
15 2 -4 2
15 3 -4 2
15 4 -4 2
0 2 -4 2
0 3 -4 2
0 4 -4 2
-16 2 -3 2
-16 3 -3 2
-16 4 -3 2
15 2 -3 2
15 3 -3 2
15 4 -3 2
0 2 -3 2
0 3 -3 2
0 4 -3 2
-16 2 -2 2
-16 3 -2 2
-16 4 -2 2
15 2 -2 2
15 3 -2 2
15 4 -2 2
0 2 -2 2
0 3 -2 2
0 4 -2 2
-16 2 -1 2
-16 3 -1 2
-16 4 -1 2
15 2 -1 2
15 3 -1 2
15 4 -1 2
0 2 -1 2
0 3 -1 2
0 4 -1 2
-16 2 0 2
-16 3 0 2
-16 4 0 2
15 2 0 2
15 3 0 2
15 4 0 2
0 2 0 2
0 3 0 2
0 4 0 2
-16 2 1 2
-16 3 1 2
-16 4 1 2
15 2 1 2
15 3 1 2
15 4 1 2
0 2 1 2
0 3 1 2
0 4 1 2
-16 2 2 2
-16 3 2 2
-16 4 2 2
15 2 2 2
15 3 2 2
15 4 2 2
0 2 2 2
0 3 2 2
0 4 2 2
-16 2 3 2
-16 3 3 2
-16 4 3 2
15 2 3 2
15 3 3 2
15 4 3 2
0 2 3 2
0 3 3 2
0 4 3 2
-16 2 4 2
-16 3 4 2
-16 4 4 2
15 2 4 2
15 3 4 2
15 4 4 2
0 2 4 2
0 3 4 2
0 4 4 2
-16 2 5 2
-16 3 5 2
-16 4 5 2
15 2 5 2
15 3 5 2
15 4 5 2
0 2 5 2
0 3 5 2
0 4 5 2
-16 2 6 2
-16 3 6 2
-16 4 6 2
15 2 6 2
15 3 6 2
15 4 6 2
0 2 6 2
0 3 6 2
0 4 6 2
-16 2 7 2
-16 3 7 2
-16 4 7 2
15 2 7 2
15 3 7 2
15 4 7 2
0 2 7 2
0 3 7 2
0 4 7 2
-16 2 8 2
-16 3 8 2
-16 4 8 2
15 2 8 2
15 3 8 2
15 4 8 2
-16 2 9 2
-16 3 9 2
-16 4 9 2
15 2 9 2
15 3 9 2
15 4 9 2
0 2 9 2
0 3 9 2
0 4 9 2
-16 2 10 2
-16 3 10 2
-16 4 10 2
15 2 10 2
15 3 10 2
15 4 10 2
0 2 10 2
0 3 10 2
0 4 10 2
-16 2 11 2
-16 3 11 2
-16 4 11 2
15 2 11 2
15 3 11 2
15 4 11 2
0 2 11 2
0 3 11 2
0 4 11 2
-16 2 12 2
-16 3 12 2
-16 4 12 2
15 2 12 2
15 3 12 2
15 4 12 2
0 2 12 2
0 3 12 2
0 4 12 2
-16 2 13 2
-16 3 13 2
-16 4 13 2
15 2 13 2
15 3 13 2
15 4 13 2
0 2 13 2
0 3 13 2
0 4 13 2
-16 2 14 2
-16 3 14 2
-16 4 14 2
15 2 14 2
15 3 14 2
15 4 14 2
0 2 14 2
0 3 14 2
0 4 14 2
-16 2 15 2
-16 3 15 2
-16 4 15 2
15 2 15 2
15 3 15 2
15 4 15 2
0 2 15 2
0 3 15 2
0 4 15 2
10 1 -10 4
8 1 -12 5
8 1 -11 5
8 1 -10 5
8 1 -9 5
8 1 -8 5
9 1 -12 5
9 1 -11 5
9 1 -10 5
9 1 -9 5
9 1 -8 5
10 1 -12 5
10 1 -11 5
10 1 -9 5
10 1 -8 5
11 1 -12 5
11 1 -11 5
11 1 -10 5
11 1 -9 5
11 1 -8 5
12 1 -12 5
12 1 -11 5
12 1 -10 5
12 1 -9 5
12 1 -8 5
-12 1 5 4
-14 1 3 5
-14 1 4 5
-14 1 5 5
-14 1 6 5
-14 1 7 5
-13 1 3 5
-13 1 4 5
-13 1 5 5
-13 1 6 5
-13 1 7 5
-12 1 3 5
-12 1 4 5
-12 1 6 5
-12 1 7 5
-11 1 3 5
-11 1 4 5
-11 1 5 5
-11 1 6 5
-11 1 7 5
-10 1 3 5
-10 1 4 5
-10 1 5 5
-10 1 6 5
-10 1 7 5
-13 1 -2 4
-15 1 -4 5
-15 1 -3 5
-15 1 -2 5
-15 1 -1 5
-15 1 0 5
-14 1 -4 5
-14 1 -3 5
-14 1 -2 5
-14 1 -1 5
-14 1 0 5
-13 1 -4 5
-13 1 -3 5
-13 1 -1 5
-13 1 0 5
-12 1 -4 5
-12 1 -3 5
-12 1 -2 5
-12 1 -1 5
-12 1 0 5
-11 1 -4 5
-11 1 -3 5
-11 1 -2 5
-11 1 -1 5
-11 1 0 5
9 1 11 4
7 1 9 5
7 1 10 5
7 1 11 5
7 1 12 5
7 1 13 5
8 1 9 5
8 1 10 5
8 1 11 5
8 1 12 5
8 1 13 5
9 1 9 5
9 1 10 5
9 1 12 5
9 1 13 5
10 1 9 5
10 1 10 5
10 1 11 5
10 1 12 5
10 1 13 5
11 1 9 5
11 1 10 5
11 1 11 5
11 1 12 5
11 1 13 5
3 1 15 4
1 1 13 5
1 1 14 5
1 1 15 5
1 1 16 5
1 1 17 5
2 1 13 5
2 1 14 5
2 1 15 5
2 1 16 5
2 1 17 5
3 1 13 5
3 1 14 5
3 1 16 5
3 1 17 5
4 1 13 5
4 1 14 5
4 1 15 5
4 1 16 5
4 1 17 5
5 1 13 5
5 1 14 5
5 1 15 5
5 1 16 5
5 1 17 5
9 1 0 4
7 1 -2 5
7 1 -1 5
7 1 0 5
7 1 1 5
7 1 2 5
8 1 -2 5
8 1 -1 5
8 1 0 5
8 1 1 5
8 1 2 5
9 1 -2 5
9 1 -1 5
9 1 1 5
9 1 2 5
10 1 -2 5
10 1 -1 5
10 1 0 5
10 1 1 5
10 1 2 5
11 1 -2 5
11 1 -1 5
11 1 0 5
11 1 1 5
11 1 2 5
3 1 10 4
1 1 8 5
1 1 9 5
1 1 10 5
1 1 11 5
1 1 12 5
2 1 8 5
2 1 9 5
2 1 10 5
2 1 11 5
2 1 12 5
3 1 8 5
3 1 9 5
3 1 11 5
3 1 12 5
4 1 8 5
4 1 9 5
4 1 10 5
4 1 11 5
4 1 12 5
5 1 8 5
5 1 9 5
5 1 10 5
5 1 11 5
5 1 12 5
-14 1 -16 4
-16 1 -18 5
-16 1 -17 5
-16 1 -16 5
-16 1 -15 5
-16 1 -14 5
-15 1 -18 5
-15 1 -17 5
-15 1 -16 5
-15 1 -15 5
-15 1 -14 5
-14 1 -18 5
-14 1 -17 5
-14 1 -15 5
-14 1 -14 5
-13 1 -18 5
-13 1 -17 5
-13 1 -16 5
-13 1 -15 5
-13 1 -14 5
-12 1 -18 5
-12 1 -17 5
-12 1 -16 5
-12 1 -15 5
-12 1 -14 5
